
u:[851,954,962,984,911,588,931,906,800,895,935,990,988,965,949,989,963,984,721,996,
v:[0,0,0,0,0,0,0,0,0,0,0,0,0,0,0,0,0,0,0,0,
Nodes in set of R: 3 5 
Nodes in set of T: 1 3 4 6 8 12 18 19 
Nodes in set of R: 3 5 
Nodes in set of T: 1 3 4 6 8 12 18 19 
R:[3,5,
T:[ 1,3,4,6,8,12,18,19,epsilon=14
vertex cover:
837 0 940 14 948 0 984 14 897 14 588 0 917 14 892 0 786 14 881 0 921 0 976 0 974 14 951 0 935 0 975 0 949 0 970 0 707 14 982 14 
u:[837,940,948,984,897,588,917,892,786,881,921,976,974,951,935,975,949,970,707,982,
v:[0,14,0,14,14,0,14,0,14,0,0,0,14,0,0,0,0,0,14,14,
Nodes in set of R: 3 5 16 18 
Nodes in set of T: 1 3 4 6 8 18 19 
Nodes in set of R: 3 5 16 18 
Nodes in set of T: 1 3 4 6 8 18 19 
R:[3,5,16,18,
T:[ 1,3,4,6,8,18,19,epsilon=6
vertex cover:
831 0 934 20 942 0 984 20 891 20 588 0 911 20 886 0 780 20 875 0 915 0 970 0 968 14 945 0 929 0 969 0 949 0 964 0 707 20 976 20 
u:[831,934,942,984,891,588,911,886,780,875,915,970,968,945,929,969,949,964,707,976,
v:[0,20,0,20,20,0,20,0,20,0,0,0,14,0,0,0,0,0,20,20,
Nodes in set of R: 3 16 18 
Nodes in set of T: 1 3 4 5 6 8 18 19 
Nodes in set of R: 3 16 18 
Nodes in set of T: 1 3 4 5 6 8 18 19 
R:[3,16,18,
T:[ 1,3,4,5,6,8,18,19,epsilon=1
vertex cover:
830 0 933 21 941 0 984 21 890 21 587 1 910 21 885 0 779 21 874 0 914 0 969 0 967 14 944 0 928 0 968 0 949 0 963 0 707 21 975 21 
u:[830,933,941,984,890,587,910,885,779,874,914,969,967,944,928,968,949,963,707,975,
v:[0,21,0,21,21,1,21,0,21,0,0,0,14,0,0,0,0,0,21,21,
Nodes in set of R: 3 8 14 16 18 
Nodes in set of T: 3 4 5 6 8 18 19 
Nodes in set of R: 3 8 14 16 18 
Nodes in set of T: 3 4 5 6 8 18 19 
R:[3,8,14,16,18,
T:[ 3,4,5,6,8,18,19,epsilon=13
vertex cover:
817 0 920 21 928 0 984 34 877 34 574 14 897 34 872 0 779 34 861 0 901 0 956 0 954 14 931 0 928 0 955 0 949 0 950 0 707 34 962 34 
u:[817,920,928,984,877,574,897,872,779,861,901,956,954,931,928,955,949,950,707,962,
v:[0,21,0,34,34,14,34,0,34,0,0,0,14,0,0,0,0,0,34,34,
Nodes in set of R: 3 8 14 16 
Nodes in set of T: 3 4 5 6 8 12 18 19 
Nodes in set of R: 3 8 14 16 
Nodes in set of T: 3 4 5 6 8 12 18 19 
R:[3,8,14,16,
T:[ 3,4,5,6,8,12,18,19,epsilon=10
vertex cover:
807 0 910 21 918 0 984 44 867 44 564 24 887 44 862 0 779 44 851 0 891 0 946 0 944 24 921 0 928 0 945 0 949 0 940 0 697 44 952 44 
u:[807,910,918,984,867,564,887,862,779,851,891,946,944,921,928,945,949,940,697,952,
v:[0,21,0,44,44,24,44,0,44,0,0,0,24,0,0,0,0,0,44,44,
Nodes in set of R: 3 8 11 14 16 19 
Nodes in set of T: 3 5 6 8 12 18 19 
Nodes in set of R: 3 8 11 14 16 19 
Nodes in set of T: 3 5 6 8 12 18 19 
R:[3,8,11,14,16,19,
T:[ 3,5,6,8,12,18,19,epsilon=11
vertex cover:
796 0 899 21 907 0 984 55 856 44 553 35 876 55 851 0 779 55 840 0 880 0 946 0 933 35 910 0 928 0 934 0 949 0 929 0 686 55 952 55 
u:[796,899,907,984,856,553,876,851,779,840,880,946,933,910,928,934,949,929,686,952,
v:[0,21,0,55,44,35,55,0,55,0,0,0,35,0,0,0,0,0,55,55,
Nodes in set of R: 3 8 11 14 19 
Nodes in set of T: 3 5 6 8 12 15 18 19 
Nodes in set of R: 3 8 11 14 19 
Nodes in set of T: 3 5 6 8 12 15 18 19 
R:[3,8,11,14,19,
T:[ 3,5,6,8,12,15,18,19,epsilon=2
vertex cover:
794 0 897 21 905 0 984 57 854 44 551 37 874 57 849 0 779 57 838 0 878 0 946 0 931 37 908 0 928 0 932 2 947 0 927 0 684 57 952 57 
u:[794,897,905,984,854,551,874,849,779,838,878,946,931,908,928,932,947,927,684,952,
v:[0,21,0,57,44,37,57,0,57,0,0,0,37,0,0,2,0,0,57,57,
Nodes in set of R: 2 3 8 11 14 19 
Nodes in set of T: 3 5 6 8 12 15 18 19 
Nodes in set of R: 2 3 8 11 14 19 
Nodes in set of T: 3 5 6 8 12 15 18 19 
R:[2,3,8,11,14,19,
T:[ 3,5,6,8,12,15,18,19,epsilon=2
vertex cover:
792 0 895 21 905 0 984 59 852 44 549 39 872 59 847 0 779 59 836 0 876 0 946 0 929 39 906 0 928 0 930 4 945 0 925 0 682 59 952 59 
u:[792,895,905,984,852,549,872,847,779,836,876,946,929,906,928,930,945,925,682,952,
v:[0,21,0,59,44,39,59,0,59,0,0,0,39,0,0,4,0,0,59,59,
Nodes in set of R: 2 3 4 7 8 11 14 16 19 
Nodes in set of T: 3 5 6 12 18 19 
Nodes in set of R: 2 3 4 7 8 11 14 16 19 
Nodes in set of T: 3 5 6 12 18 19 
R:[2,3,4,7,8,11,14,16,19,
T:[ 3,5,6,12,18,19,epsilon=10
vertex cover:
782 0 885 21 905 0 984 69 852 44 539 49 862 69 847 0 779 59 826 0 866 0 946 0 919 49 896 0 928 0 920 4 945 0 915 0 672 69 952 69 
u:[782,885,905,984,852,539,862,847,779,826,866,946,919,896,928,920,945,915,672,952,
v:[0,21,0,69,44,49,69,0,59,0,0,0,49,0,0,4,0,0,69,69,
Nodes in set of R: 0 2 3 4 7 8 10 11 14 16 19 
Nodes in set of T: 5 6 12 18 19 
Nodes in set of R: 0 2 3 4 7 8 10 11 14 16 19 
Nodes in set of T: 5 6 12 18 19 
R:[0,2,3,4,7,8,10,11,14,16,19,
T:[ 5,6,12,18,19,epsilon=7
vertex cover:
782 0 878 21 905 0 984 69 852 44 532 56 855 76 847 0 779 59 819 0 866 0 946 0 912 56 889 0 928 0 913 4 945 0 908 0 665 76 952 76 
u:[782,878,905,984,852,532,855,847,779,819,866,946,912,889,928,913,945,908,665,952,
v:[0,21,0,69,44,56,76,0,59,0,0,0,56,0,0,4,0,0,76,76,
Nodes in set of R: 0 2 3 4 7 8 11 14 16 19 
Nodes in set of T: 3 5 6 12 18 19 
Nodes in set of R: 0 2 3 4 7 8 11 14 16 19 
Nodes in set of T: 3 5 6 12 18 19 
R:[0,2,3,4,7,8,11,14,16,19,
T:[ 3,5,6,12,18,19,epsilon=9
vertex cover:
782 0 869 21 905 0 984 78 852 44 523 65 846 85 847 0 779 59 810 0 857 0 946 0 903 65 880 0 928 0 904 4 945 0 899 0 656 85 952 85 
u:[782,869,905,984,852,523,846,847,779,810,857,946,903,880,928,904,945,899,656,952,
v:[0,21,0,78,44,65,85,0,59,0,0,0,65,0,0,4,0,0,85,85,
Nodes in set of R: 2 3 4 7 8 11 14 16 19 
Nodes in set of T: 3 5 6 7 12 18 19 
Nodes in set of R: 2 3 4 7 8 11 14 16 19 
Nodes in set of T: 3 5 6 7 12 18 19 
R:[2,3,4,7,8,11,14,16,19,
T:[ 3,5,6,7,12,18,19,epsilon=6
vertex cover:
776 0 863 21 905 0 984 84 852 44 517 71 840 91 847 6 779 59 804 0 851 0 946 0 897 71 874 0 928 0 898 4 945 0 893 0 650 91 952 91 
u:[776,863,905,984,852,517,840,847,779,804,851,946,897,874,928,898,945,893,650,952,
v:[0,21,0,84,44,71,91,6,59,0,0,0,71,0,0,4,0,0,91,91,
Nodes in set of R: 2 3 8 14 19 
Nodes in set of T: 0 3 4 5 6 7 8 12 15 18 19 
Nodes in set of R: 2 3 8 14 19 
Nodes in set of T: 0 3 4 5 6 7 8 12 15 18 19 
R:[2,3,8,14,19,
T:[ 0,3,4,5,6,7,8,12,15,18,19,epsilon=3
vertex cover:
773 3 860 21 905 0 984 87 849 47 514 74 837 94 844 9 779 62 801 0 848 0 943 0 894 74 871 0 928 0 895 7 942 0 890 0 647 94 952 94 
u:[773,860,905,984,849,514,837,844,779,801,848,943,894,871,928,895,942,890,647,952,
v:[3,21,0,87,47,74,94,9,62,0,0,0,74,0,0,7,0,0,94,94,
Nodes in set of R: 3 8 14 19 
Nodes in set of T: 0 3 4 5 6 7 8 11 12 15 18 19 
Nodes in set of R: 3 8 14 19 
Nodes in set of T: 0 3 4 5 6 7 8 11 12 15 18 19 
R:[3,8,14,19,
T:[ 0,3,4,5,6,7,8,11,12,15,18,19,epsilon=2
vertex cover:
771 5 858 21 903 0 984 89 847 49 512 76 835 96 842 11 779 64 799 0 846 0 941 2 892 76 869 0 928 0 893 9 940 0 888 0 645 96 952 96 
u:[771,858,903,984,847,512,835,842,779,799,846,941,892,869,928,893,940,888,645,952,
v:[5,21,0,89,49,76,96,11,64,0,0,2,76,0,0,9,0,0,96,96,
Nodes in set of R: 3 5 8 14 17 19 
Nodes in set of T: 0 3 4 6 7 8 11 12 15 18 19 
Nodes in set of R: 3 5 8 14 17 19 
Nodes in set of T: 0 3 4 6 7 8 11 12 15 18 19 
R:[3,5,8,14,17,19,
T:[ 0,3,4,6,7,8,11,12,15,18,19,epsilon=17
vertex cover:
754 22 841 21 886 0 984 106 830 66 512 76 818 113 825 28 779 81 782 0 829 0 924 19 875 93 852 0 928 0 876 26 923 0 888 0 628 113 952 113 
u:[754,841,886,984,830,512,818,825,779,782,829,924,875,852,928,876,923,888,628,952,
v:[22,21,0,106,66,76,113,28,81,0,0,19,93,0,0,26,0,0,113,113,
Nodes in set of R: 3 8 14 19 
Nodes in set of T: 0 3 4 5 6 7 8 10 11 12 15 18 19 
Nodes in set of R: 3 8 14 19 
Nodes in set of T: 0 3 4 5 6 7 8 10 11 12 15 18 19 
R:[3,8,14,19,
T:[ 0,3,4,5,6,7,8,10,11,12,15,18,19,epsilon=2
vertex cover:
752 24 839 21 884 0 984 108 828 68 510 78 816 115 823 30 779 83 780 0 827 2 922 21 873 95 850 0 928 0 874 28 921 0 886 0 626 115 952 115 
u:[752,839,884,984,828,510,816,823,779,780,827,922,873,850,928,874,921,886,626,952,
v:[24,21,0,108,68,78,115,30,83,0,2,21,95,0,0,28,0,0,115,115,
Nodes in set of R: 8 14 19 
Nodes in set of T: 0 2 3 4 5 6 7 8 10 11 12 15 18 19 
Nodes in set of R: 8 14 19 
Nodes in set of T: 0 2 3 4 5 6 7 8 10 11 12 15 18 19 
R:[8,14,19,
T:[ 0,2,3,4,5,6,7,8,10,11,12,15,18,19,epsilon=7
vertex cover:
745 31 832 21 877 7 977 115 821 75 503 85 809 122 816 37 779 90 773 0 820 9 915 28 866 102 843 0 928 0 867 35 914 0 879 0 619 122 952 122 
u:[745,832,877,977,821,503,809,816,779,773,820,915,866,843,928,867,914,879,619,952,
v:[31,21,7,115,75,85,122,37,90,0,9,28,102,0,0,35,0,0,122,122,
Nodes in set of R: 14 19 
Nodes in set of T: 0 1 2 3 4 5 6 7 8 10 11 12 15 18 19 
Nodes in set of R: 14 19 
Nodes in set of T: 0 1 2 3 4 5 6 7 8 10 11 12 15 18 19 
R:[14,19,
T:[ 0,1,2,3,4,5,6,7,8,10,11,12,15,18,19,epsilon=10
vertex cover:
735 41 822 31 867 17 967 125 811 85 493 95 799 132 806 47 769 100 763 0 810 19 905 38 856 112 833 0 928 0 857 45 904 0 869 0 609 132 952 132 
u:[735,822,867,967,811,493,799,806,769,763,810,905,856,833,928,857,904,869,609,952,
v:[41,31,17,125,85,95,132,47,100,0,19,38,112,0,0,45,0,0,132,132,
Nodes in set of R: 14 
Nodes in set of T: 0 1 2 3 4 5 6 7 8 10 11 12 15 16 18 19 
Nodes in set of R: 14 
Nodes in set of T: 0 1 2 3 4 5 6 7 8 10 11 12 15 16 18 19 
R:[14,
T:[ 0,1,2,3,4,5,6,7,8,10,11,12,15,16,18,19,epsilon=15
vertex cover:
720 56 807 46 852 32 952 140 796 100 478 110 784 147 791 62 754 115 748 0 795 34 890 53 841 127 818 0 928 0 842 60 889 15 854 0 594 147 937 147 
u:[720,807,852,952,796,478,784,791,754,748,795,890,841,818,928,842,889,854,594,937,
v:[56,46,32,140,100,110,147,62,115,0,34,53,127,0,0,60,15,0,147,147,
Nodes in set of R: 0 3 4 5 6 7 9 10 11 14 16 17 18 19 
Nodes in set of T: 1 11 18 19 
Nodes in set of R: 0 3 4 5 6 7 9 10 11 14 16 17 18 19 
Nodes in set of T: 1 11 18 19 
R:[0,3,4,5,6,7,9,10,11,14,16,17,18,19,
T:[ 1,11,18,19,epsilon=23
vertex cover:
720 56 784 69 829 32 952 140 796 100 478 110 784 147 791 62 731 115 748 0 795 34 890 76 818 127 795 0 928 0 819 60 889 15 854 0 594 170 937 170 
u:[720,784,829,952,796,478,784,791,731,748,795,890,818,795,928,819,889,854,594,937,
v:[56,69,32,140,100,110,147,62,115,0,34,76,127,0,0,60,15,0,170,170,
Nodes in set of R: 0 4 5 6 7 9 10 11 14 16 17 18 19 
Nodes in set of T: 1 2 11 18 19 
Nodes in set of R: 0 4 5 6 7 9 10 11 14 16 17 18 19 
Nodes in set of T: 1 2 11 18 19 
R:[0,4,5,6,7,9,10,11,14,16,17,18,19,
T:[ 1,2,11,18,19,epsilon=10
vertex cover:
720 56 774 79 819 42 942 140 796 100 478 110 784 147 791 62 721 115 748 0 795 34 890 86 808 127 785 0 928 0 809 60 889 15 854 0 594 180 937 180 
u:[720,774,819,942,796,478,784,791,721,748,795,890,808,785,928,809,889,854,594,937,
v:[56,79,42,140,100,110,147,62,115,0,34,86,127,0,0,60,15,0,180,180,
Nodes in set of R: 4 11 14 16 19 
Nodes in set of T: 0 1 2 3 5 6 7 8 10 11 12 18 19 
Nodes in set of R: 4 11 14 16 19 
Nodes in set of T: 0 1 2 3 5 6 7 8 10 11 12 18 19 
R:[4,11,14,16,19,
T:[ 0,1,2,3,5,6,7,8,10,11,12,18,19,epsilon=17
vertex cover:
703 73 757 96 802 59 925 157 796 100 461 127 767 164 774 79 704 132 731 0 778 51 890 103 791 144 768 0 928 0 792 60 889 15 837 0 577 197 937 197 
u:[703,757,802,925,796,461,767,774,704,731,778,890,791,768,928,792,889,837,577,937,
v:[73,96,59,157,100,127,164,79,132,0,51,103,144,0,0,60,15,0,197,197,
Nodes in set of R: 4 14 16 
Nodes in set of T: 0 1 2 3 4 5 6 7 8 10 11 12 16 18 19 
Nodes in set of R: 4 14 16 
Nodes in set of T: 0 1 2 3 4 5 6 7 8 10 11 12 16 18 19 
R:[4,14,16,
T:[ 0,1,2,3,4,5,6,7,8,10,11,12,16,18,19,epsilon=11
vertex cover:
692 84 746 107 791 70 914 168 796 111 450 138 756 175 763 90 693 143 720 0 767 62 879 114 780 155 757 0 928 0 781 60 889 26 826 0 566 208 926 208 
u:[692,746,791,914,796,450,756,763,693,720,767,879,780,757,928,781,889,826,566,926,
v:[84,107,70,168,111,138,175,90,143,0,62,114,155,0,0,60,26,0,208,208,
Nodes in set of R: 14 
Nodes in set of T: 0 1 2 3 4 5 6 7 8 10 11 12 14 15 16 18 19 
Nodes in set of R: 14 
Nodes in set of T: 0 1 2 3 4 5 6 7 8 10 11 12 14 15 16 18 19 
R:[14,
T:[ 0,1,2,3,4,5,6,7,8,10,11,12,14,15,16,18,19,epsilon=4
vertex cover:
688 88 742 111 787 74 910 172 792 115 446 142 752 179 759 94 689 147 716 0 763 66 875 118 776 159 753 0 928 4 777 64 885 30 822 0 562 212 922 212 
u:[688,742,787,910,792,446,752,759,689,716,763,875,776,753,928,777,885,822,562,922,
v:[88,111,74,172,115,142,179,94,147,0,66,118,159,0,4,64,30,0,212,212,
Nodes in set of R: 0 1 2 4 5 6 7 8 9 10 11 13 14 16 17 18 19 
Nodes in set of T: 2 19 
Nodes in set of R: 0 1 2 4 5 6 7 8 9 10 11 13 14 16 17 18 19 
Nodes in set of T: 2 19 
R:[0,1,2,4,5,6,7,8,9,10,11,13,14,16,17,18,19,
T:[ 2,19,epsilon=2
vertex cover:
688 88 742 111 787 76 908 172 792 115 446 142 752 179 759 94 689 147 716 0 763 66 875 118 774 159 753 0 928 4 775 64 885 30 822 0 562 212 922 214 
u:[688,742,787,908,792,446,752,759,689,716,763,875,774,753,928,775,885,822,562,922,
v:[88,111,76,172,115,142,179,94,147,0,66,118,159,0,4,64,30,0,212,214,
Nodes in set of R: 0 1 2 4 5 6 7 9 10 11 13 14 16 17 18 19 
Nodes in set of T: 1 2 19 
Nodes in set of R: 0 1 2 4 5 6 7 9 10 11 13 14 16 17 18 19 
Nodes in set of T: 1 2 19 
R:[0,1,2,4,5,6,7,9,10,11,13,14,16,17,18,19,
T:[ 1,2,19,epsilon=58
vertex cover:
688 88 742 169 787 134 850 172 792 115 446 142 752 179 759 94 631 147 716 0 763 66 875 118 716 159 753 0 928 4 717 64 885 30 822 0 562 212 922 272 
u:[688,742,787,850,792,446,752,759,631,716,763,875,716,753,928,717,885,822,562,922,
v:[88,169,134,172,115,142,179,94,147,0,66,118,159,0,4,64,30,0,212,272,
Nodes in set of R: 0 1 2 4 5 6 7 9 10 11 13 16 17 18 19 
Nodes in set of T: 1 2 9 19 
Nodes in set of R: 0 1 2 4 5 6 7 9 10 11 13 16 17 18 19 
Nodes in set of T: 1 2 9 19 
R:[0,1,2,4,5,6,7,9,10,11,13,16,17,18,19,
T:[ 1,2,9,19,epsilon=71
vertex cover:
688 88 742 240 787 205 779 172 792 115 446 142 752 179 759 94 560 147 716 71 763 66 875 118 645 159 753 0 857 4 646 64 885 30 822 0 562 212 922 343 
u:[688,742,787,779,792,446,752,759,560,716,763,875,645,753,857,646,885,822,562,922,
v:[88,240,205,172,115,142,179,94,147,71,66,118,159,0,4,64,30,0,212,343,
Nodes in set of R: 9 18 
Nodes in set of T: 0 1 2 3 4 5 6 7 8 9 10 11 14 15 16 18 19 
Nodes in set of R: 9 18 
Nodes in set of T: 0 1 2 3 4 5 6 7 8 9 10 11 14 15 16 18 19 
R:[9,18,
T:[ 0,1,2,3,4,5,6,7,8,9,10,11,14,15,16,18,19,epsilon=19
vertex cover:
669 107 723 259 768 224 760 191 773 134 427 161 733 198 740 113 541 166 716 90 744 85 856 137 626 159 734 0 838 23 627 83 866 49 803 0 562 231 903 362 
u:[669,723,768,760,773,427,733,740,541,716,744,856,626,734,838,627,866,803,562,903,
v:[107,259,224,191,134,161,198,113,166,90,85,137,159,0,23,83,49,0,231,362,
Nodes in set of R: 0 1 2 3 4 5 6 7 8 9 10 11 12 13 14 15 16 17 18 19 
Nodes in set of T: 
Nodes in set of R: 0 1 2 3 4 5 6 7 8 9 10 11 12 13 14 15 16 17 18 19 
Nodes in set of T: 
R:[0,1,2,3,4,5,6,7,8,9,10,11,12,13,14,15,16,17,18,19,
T:[ perfect matching found.
(0, 7)(1, 18)(2, 8)(3, 2)(4, 14)(5, 10)(6, 6)(7, 0)(8, 1)(9, 12)(10, 3)(11, 4)(12, 17)(13, 11)(14, 9)(15, 19)(16, 15)(17, 5)(18, 13)(19, 16)Matching: 17181= Vertex Cover: 17181
