##This is the output of I1

#Coordinates
0 0 7
1 1 0
2 1 11
3 1 19
4 2 12
5 2 13
6 3 13
7 3 17
8 4 16
9 4 18
10 5 0
11 5 5
12 5 8
13 5 10
14 5 15
15 6 1
16 6 9
17 6 11
18 7 4
19 7 13
20 8 4
21 8 14
22 8 18
23 10 7
24 11 2
25 12 0
26 12 2
27 12 3
28 13 17
29 14 17
30 15 7
31 15 12
32 15 13
33 15 15
34 16 0
35 16 2
36 16 6
37 16 9
38 17 5
39 17 17
40 18 0
41 18 6
42 18 17
43 19 1
44 19 2
45 21 9
46 21 10
47 22 1
48 22 5
49 22 11
50 22 17
51 22 18
52 23 19
53 24 2
54 24 3
55 24 13
56 25 5
57 25 11
58 26 9
59 26 16
60 27 4
61 27 11
62 27 19
63 28 0
64 28 4
65 28 11
66 29 19
67 30 4
68 31 8
69 31 10
70 31 11
71 31 18
72 32 1
73 32 8
74 33 10
75 33 14
76 33 17
77 33 19
78 34 4
79 35 2
80 36 0
81 36 6
82 37 7
83 37 9
84 38 13
85 39 13
86 39 14
87 39 15
88 39 19


#Tour
0 7 (0) to 1 11 (2) distance 4.123106
1 11 (2) to 2 12 (4) distance 1.414214
2 12 (4) to 2 13 (5) distance 1.000000
2 13 (5) to 3 13 (6) distance 1.000000
3 13 (6) to 5 15 (14) distance 2.828427
5 15 (14) to 4 16 (8) distance 1.414214
4 16 (8) to 3 17 (7) distance 1.414214
3 17 (7) to 4 18 (9) distance 1.414214
4 18 (9) to 1 19 (3) distance 3.162278
1 19 (3) to 8 18 (22) distance 7.071068
8 18 (22) to 10 7 (23) distance 11.180340
10 7 (23) to 12 3 (27) distance 4.472136
12 3 (27) to 12 2 (26) distance 1.000000
12 2 (26) to 11 2 (24) distance 1.000000
11 2 (24) to 12 0 (25) distance 2.236068
12 0 (25) to 31 10 (69) distance 21.470911
31 10 (69) to 31 11 (70) distance 1.000000
31 11 (70) to 33 10 (74) distance 2.236068
33 10 (74) to 32 8 (73) distance 2.236068
32 8 (73) to 31 8 (68) distance 1.000000
31 8 (68) to 30 4 (67) distance 4.123106
30 4 (67) to 28 4 (64) distance 2.000000
28 4 (64) to 27 4 (60) distance 1.000000
27 4 (60) to 25 5 (56) distance 2.236068
25 5 (56) to 24 3 (54) distance 2.236068
24 3 (54) to 24 2 (53) distance 1.000000
24 2 (53) to 22 1 (47) distance 2.236068
22 1 (47) to 19 1 (43) distance 3.000000
19 1 (43) to 19 2 (44) distance 1.000000
19 2 (44) to 18 0 (40) distance 2.236068
18 0 (40) to 16 0 (34) distance 2.000000
16 0 (34) to 16 2 (35) distance 2.000000
16 2 (35) to 17 5 (38) distance 3.162278
17 5 (38) to 16 6 (36) distance 1.414214
16 6 (36) to 15 7 (30) distance 1.414214
15 7 (30) to 16 9 (37) distance 2.236068
16 9 (37) to 15 12 (31) distance 3.162278
15 12 (31) to 15 13 (32) distance 1.000000
15 13 (32) to 15 15 (33) distance 2.000000
15 15 (33) to 14 17 (29) distance 2.236068
14 17 (29) to 13 17 (28) distance 1.000000
13 17 (28) to 17 17 (39) distance 4.000000
17 17 (39) to 18 17 (42) distance 1.000000
18 17 (42) to 22 17 (50) distance 4.000000
22 17 (50) to 22 18 (51) distance 1.000000
22 18 (51) to 23 19 (52) distance 1.414214
23 19 (52) to 27 19 (62) distance 4.000000
27 19 (62) to 29 19 (66) distance 2.000000
29 19 (66) to 31 18 (71) distance 2.236068
31 18 (71) to 33 17 (76) distance 2.236068
33 17 (76) to 33 19 (77) distance 2.000000
33 19 (77) to 33 14 (75) distance 5.000000
33 14 (75) to 38 13 (84) distance 5.099020
38 13 (84) to 39 13 (85) distance 1.000000
39 13 (85) to 39 14 (86) distance 1.000000
39 14 (86) to 39 15 (87) distance 1.000000
39 15 (87) to 39 19 (88) distance 4.000000
39 19 (88) to 37 9 (83) distance 10.198039
37 9 (83) to 37 7 (82) distance 2.000000
37 7 (82) to 36 6 (81) distance 1.414214
36 6 (81) to 34 4 (78) distance 2.828427
34 4 (78) to 35 2 (79) distance 2.236068
35 2 (79) to 36 0 (80) distance 2.236068
36 0 (80) to 32 1 (72) distance 4.123106
32 1 (72) to 28 0 (63) distance 4.123106
28 0 (63) to 22 5 (48) distance 7.810250
22 5 (48) to 18 6 (41) distance 4.123106
18 6 (41) to 21 9 (45) distance 4.242641
21 9 (45) to 21 10 (46) distance 1.000000
21 10 (46) to 22 11 (49) distance 1.414214
22 11 (49) to 24 13 (55) distance 2.828427
24 13 (55) to 25 11 (57) distance 2.236068
25 11 (57) to 27 11 (61) distance 2.000000
27 11 (61) to 28 11 (65) distance 1.000000
28 11 (65) to 26 9 (58) distance 2.828427
26 9 (58) to 26 16 (59) distance 7.000000
26 16 (59) to 8 14 (21) distance 18.110770
8 14 (21) to 7 13 (19) distance 1.414214
7 13 (19) to 6 11 (17) distance 2.236068
6 11 (17) to 5 10 (13) distance 1.414214
5 10 (13) to 6 9 (16) distance 1.414214
6 9 (16) to 5 8 (12) distance 1.414214
5 8 (12) to 5 5 (11) distance 3.000000
5 5 (11) to 7 4 (18) distance 2.236068
7 4 (18) to 8 4 (20) distance 1.000000
8 4 (20) to 6 1 (15) distance 3.605551
6 1 (15) to 5 0 (10) distance 1.414214
5 0 (10) to 1 0 (1) distance 4.000000
1 0 (1) to 0 7 (0) distance 7.071068
0 7 (0)
270.323940


#Improved Tour
0 7 (0) to 1 0 (1) distance 7.071068
1 0 (1) to 5 0 (10) distance 4.000000
5 0 (10) to 6 1 (15) distance 1.414214
6 1 (15) to 8 4 (20) distance 3.605551
8 4 (20) to 7 4 (18) distance 1.000000
7 4 (18) to 5 5 (11) distance 2.236068
5 5 (11) to 5 8 (12) distance 3.000000
5 8 (12) to 6 9 (16) distance 1.414214
6 9 (16) to 5 10 (13) distance 1.414214
5 10 (13) to 6 11 (17) distance 1.414214
6 11 (17) to 7 13 (19) distance 2.236068
7 13 (19) to 8 14 (21) distance 1.414214
8 14 (21) to 10 7 (23) distance 7.280110
10 7 (23) to 12 3 (27) distance 4.472136
12 3 (27) to 12 2 (26) distance 1.000000
12 2 (26) to 11 2 (24) distance 1.000000
11 2 (24) to 12 0 (25) distance 2.236068
12 0 (25) to 16 2 (35) distance 4.472136
16 2 (35) to 16 0 (34) distance 2.000000
16 0 (34) to 18 0 (40) distance 2.000000
18 0 (40) to 19 1 (43) distance 1.414214
19 1 (43) to 19 2 (44) distance 1.000000
19 2 (44) to 22 1 (47) distance 3.162278
22 1 (47) to 24 2 (53) distance 2.236068
24 2 (53) to 24 3 (54) distance 1.000000
24 3 (54) to 28 0 (63) distance 5.000000
28 0 (63) to 32 1 (72) distance 4.123106
32 1 (72) to 36 0 (80) distance 4.123106
36 0 (80) to 35 2 (79) distance 2.236068
35 2 (79) to 34 4 (78) distance 2.236068
34 4 (78) to 36 6 (81) distance 2.828427
36 6 (81) to 37 7 (82) distance 1.414214
37 7 (82) to 37 9 (83) distance 2.000000
37 9 (83) to 38 13 (84) distance 4.123106
38 13 (84) to 39 13 (85) distance 1.000000
39 13 (85) to 39 14 (86) distance 1.000000
39 14 (86) to 39 15 (87) distance 1.000000
39 15 (87) to 39 19 (88) distance 4.000000
39 19 (88) to 33 14 (75) distance 7.810250
33 14 (75) to 33 17 (76) distance 3.000000
33 17 (76) to 33 19 (77) distance 2.000000
33 19 (77) to 31 18 (71) distance 2.236068
31 18 (71) to 29 19 (66) distance 2.236068
29 19 (66) to 27 19 (62) distance 2.000000
27 19 (62) to 23 19 (52) distance 4.000000
23 19 (52) to 22 18 (51) distance 1.414214
22 18 (51) to 22 17 (50) distance 1.000000
22 17 (50) to 26 16 (59) distance 4.123106
26 16 (59) to 24 13 (55) distance 3.605551
24 13 (55) to 22 11 (49) distance 2.828427
22 11 (49) to 21 10 (46) distance 1.414214
21 10 (46) to 21 9 (45) distance 1.000000
21 9 (45) to 25 11 (57) distance 4.472136
25 11 (57) to 26 9 (58) distance 2.236068
26 9 (58) to 27 11 (61) distance 2.236068
27 11 (61) to 28 11 (65) distance 1.000000
28 11 (65) to 31 11 (70) distance 3.000000
31 11 (70) to 31 10 (69) distance 1.000000
31 10 (69) to 33 10 (74) distance 2.000000
33 10 (74) to 32 8 (73) distance 2.236068
32 8 (73) to 31 8 (68) distance 1.000000
31 8 (68) to 30 4 (67) distance 4.123106
30 4 (67) to 28 4 (64) distance 2.000000
28 4 (64) to 27 4 (60) distance 1.000000
27 4 (60) to 25 5 (56) distance 2.236068
25 5 (56) to 22 5 (48) distance 3.000000
22 5 (48) to 18 6 (41) distance 4.123106
18 6 (41) to 17 5 (38) distance 1.414214
17 5 (38) to 16 6 (36) distance 1.414214
16 6 (36) to 15 7 (30) distance 1.414214
15 7 (30) to 16 9 (37) distance 2.236068
16 9 (37) to 15 12 (31) distance 3.162278
15 12 (31) to 15 13 (32) distance 1.000000
15 13 (32) to 15 15 (33) distance 2.000000
15 15 (33) to 18 17 (42) distance 3.605551
18 17 (42) to 17 17 (39) distance 1.000000
17 17 (39) to 14 17 (29) distance 3.000000
14 17 (29) to 13 17 (28) distance 1.000000
13 17 (28) to 8 18 (22) distance 5.099020
8 18 (22) to 4 18 (9) distance 4.000000
4 18 (9) to 1 19 (3) distance 3.162278
1 19 (3) to 3 17 (7) distance 2.828427
3 17 (7) to 4 16 (8) distance 1.414214
4 16 (8) to 5 15 (14) distance 1.414214
5 15 (14) to 3 13 (6) distance 2.828427
3 13 (6) to 2 13 (5) distance 1.000000
2 13 (5) to 2 12 (4) distance 1.000000
2 12 (4) to 1 11 (2) distance 1.414214
1 11 (2) to 0 7 (0) distance 4.123106
0 7 (0)


222.437877 222.437877
