##This is the output of I1

#Coordinates
0 0 12
1 0 17
2 0 30
3 1 1
4 1 2
5 1 13
6 2 42
7 3 0
8 3 1
9 3 12
10 3 31
11 4 13
12 4 26
13 4 36
14 4 43
15 5 6
16 5 33
17 6 5
18 6 11
19 6 12
20 6 22
21 7 6
22 7 18
23 7 36
24 7 37
25 8 8
26 8 28
27 8 40
28 10 11
29 10 18
30 10 35
31 11 4
32 11 35
33 11 38
34 12 9
35 13 13
36 13 14
37 13 31
38 14 16
39 14 17
40 14 18
41 14 22
42 14 30
43 14 34
44 14 36
45 15 24
46 15 29
47 16 11
48 16 18
49 17 16
50 17 33
51 18 0
52 18 12
53 18 34
54 18 43
55 19 7
56 19 11
57 20 5
58 20 7
59 21 13
60 21 37
61 21 40
62 22 28
63 22 44
64 25 8
65 25 34
66 25 43
67 26 9
68 26 13
69 26 14
70 26 16
71 26 19
72 26 20
73 26 27
74 29 11
75 29 19
76 29 29
77 31 15
78 31 20
79 31 29
80 31 38
81 31 44
82 33 5
83 33 10
84 33 32
85 34 13
86 34 16
87 34 37
88 35 13
89 36 1
90 36 4
91 36 20
92 36 40
93 36 44
94 38 0
95 38 5
96 38 10
97 38 23
98 38 35
99 38 36
100 38 39
101 39 9
102 39 24
103 39 29
104 39 42
105 40 12
106 40 16
107 40 27
108 40 31
109 41 1
110 41 34
111 42 14
112 42 24
113 42 41
114 44 7
115 44 11
116 45 16
117 46 22
118 47 13
119 47 36
120 47 43
121 48 29
122 48 34
123 49 1
124 50 32
125 51 29
126 51 37
127 51 42
128 52 5
129 52 27
130 53 16
131 54 6
132 54 39
133 56 11
134 56 24
135 56 44
136 58 28
137 58 43
138 61 5
139 61 12
140 61 24
141 62 9
142 62 30
143 62 37
144 63 12
145 64 21
146 64 22
147 64 24
148 65 6
149 65 7
150 66 5
151 66 29
152 66 42
153 66 44
154 67 15
155 67 32
156 68 16
157 68 25
158 69 34
159 70 0
160 71 39
161 72 26
162 73 31
163 74 0
164 74 11
165 74 23
166 74 42
167 75 17
168 75 24
169 75 35
170 76 10
171 76 27
172 76 35
173 77 30
174 78 11
175 78 34
176 78 42
177 79 14
178 79 15
179 79 19
180 79 20
181 79 25
182 79 31
183 80 1
184 80 29
185 82 8
186 82 9
187 82 10
188 82 14
189 82 26
190 83 23
191 84 16
192 84 29
193 84 39
194 85 6
195 86 2
196 86 22
197 86 41
198 88 35
199 88 37
200 89 7
201 89 9
202 89 14
203 89 18
204 89 33
205 89 41


#Tour
0 12 (0) to 3 12 (9) distance 3.000000
3 12 (9) to 4 13 (11) distance 1.414214
4 13 (11) to 6 12 (19) distance 2.236068
6 12 (19) to 6 11 (18) distance 1.000000
6 11 (18) to 8 8 (25) distance 3.605551
8 8 (25) to 7 6 (21) distance 2.236068
7 6 (21) to 6 5 (17) distance 1.414214
6 5 (17) to 5 6 (15) distance 1.414214
5 6 (15) to 3 1 (8) distance 5.385165
3 1 (8) to 3 0 (7) distance 1.000000
3 0 (7) to 1 1 (3) distance 2.236068
1 1 (3) to 1 2 (4) distance 1.000000
1 2 (4) to 11 4 (31) distance 10.198039
11 4 (31) to 12 9 (34) distance 5.099020
12 9 (34) to 10 11 (28) distance 2.828427
10 11 (28) to 18 0 (51) distance 13.601471
18 0 (51) to 20 5 (57) distance 5.385165
20 5 (57) to 20 7 (58) distance 2.000000
20 7 (58) to 19 7 (55) distance 1.000000
19 7 (55) to 19 11 (56) distance 4.000000
19 11 (56) to 18 12 (52) distance 1.414214
18 12 (52) to 16 11 (47) distance 2.236068
16 11 (47) to 13 13 (35) distance 3.605551
13 13 (35) to 13 14 (36) distance 1.000000
13 14 (36) to 14 16 (38) distance 2.236068
14 16 (38) to 14 17 (39) distance 1.000000
14 17 (39) to 14 18 (40) distance 1.000000
14 18 (40) to 16 18 (48) distance 2.000000
16 18 (48) to 17 16 (49) distance 2.236068
17 16 (49) to 21 13 (59) distance 5.000000
21 13 (59) to 26 13 (68) distance 5.000000
26 13 (68) to 26 14 (69) distance 1.000000
26 14 (69) to 26 16 (70) distance 2.000000
26 16 (70) to 26 19 (71) distance 3.000000
26 19 (71) to 26 20 (72) distance 1.000000
26 20 (72) to 29 19 (75) distance 3.162278
29 19 (75) to 31 20 (78) distance 2.236068
31 20 (78) to 31 15 (77) distance 5.000000
31 15 (77) to 34 16 (86) distance 3.162278
34 16 (86) to 34 13 (85) distance 3.000000
34 13 (85) to 35 13 (88) distance 1.000000
35 13 (88) to 33 10 (83) distance 3.605551
33 10 (83) to 29 11 (74) distance 4.123106
29 11 (74) to 26 9 (67) distance 3.605551
26 9 (67) to 25 8 (64) distance 1.414214
25 8 (64) to 33 5 (82) distance 8.544004
33 5 (82) to 36 4 (90) distance 3.162278
36 4 (90) to 38 5 (95) distance 2.236068
38 5 (95) to 39 9 (101) distance 4.123106
39 9 (101) to 38 10 (96) distance 1.414214
38 10 (96) to 40 12 (105) distance 2.828427
40 12 (105) to 42 14 (111) distance 2.828427
42 14 (111) to 40 16 (106) distance 2.828427
40 16 (106) to 45 16 (116) distance 5.000000
45 16 (116) to 47 13 (118) distance 3.605551
47 13 (118) to 44 11 (115) distance 3.605551
44 11 (115) to 44 7 (114) distance 4.000000
44 7 (114) to 41 1 (109) distance 6.708204
41 1 (109) to 38 0 (94) distance 3.162278
38 0 (94) to 36 1 (89) distance 2.236068
36 1 (89) to 49 1 (123) distance 13.000000
49 1 (123) to 52 5 (128) distance 5.000000
52 5 (128) to 54 6 (131) distance 2.236068
54 6 (131) to 56 11 (133) distance 5.385165
56 11 (133) to 61 12 (139) distance 5.099020
61 12 (139) to 63 12 (144) distance 2.000000
63 12 (144) to 62 9 (141) distance 3.162278
62 9 (141) to 65 7 (149) distance 3.605551
65 7 (149) to 65 6 (148) distance 1.000000
65 6 (148) to 66 5 (150) distance 1.414214
66 5 (150) to 61 5 (138) distance 5.000000
61 5 (138) to 70 0 (159) distance 10.295630
70 0 (159) to 74 0 (163) distance 4.000000
74 0 (163) to 80 1 (183) distance 6.082763
80 1 (183) to 86 2 (195) distance 6.082763
86 2 (195) to 85 6 (194) distance 4.123106
85 6 (194) to 82 8 (185) distance 3.605551
82 8 (185) to 82 9 (186) distance 1.000000
82 9 (186) to 82 10 (187) distance 1.000000
82 10 (187) to 82 14 (188) distance 4.000000
82 14 (188) to 84 16 (191) distance 2.828427
84 16 (191) to 79 15 (178) distance 5.099020
79 15 (178) to 79 14 (177) distance 1.000000
79 14 (177) to 78 11 (174) distance 3.162278
78 11 (174) to 76 10 (170) distance 2.236068
76 10 (170) to 74 11 (164) distance 2.236068
74 11 (164) to 75 17 (167) distance 6.082763
75 17 (167) to 79 19 (179) distance 4.472136
79 19 (179) to 79 20 (180) distance 1.000000
79 20 (180) to 79 25 (181) distance 5.000000
79 25 (181) to 82 26 (189) distance 3.162278
82 26 (189) to 83 23 (190) distance 3.162278
83 23 (190) to 86 22 (196) distance 3.162278
86 22 (196) to 89 18 (203) distance 5.000000
89 18 (203) to 89 14 (202) distance 4.000000
89 14 (202) to 89 9 (201) distance 5.000000
89 9 (201) to 89 7 (200) distance 2.000000
89 7 (200) to 74 23 (165) distance 21.931712
74 23 (165) to 75 24 (168) distance 1.414214
75 24 (168) to 76 27 (171) distance 3.162278
76 27 (171) to 77 30 (173) distance 3.162278
77 30 (173) to 79 31 (182) distance 2.236068
79 31 (182) to 80 29 (184) distance 2.236068
80 29 (184) to 84 29 (192) distance 4.000000
84 29 (192) to 89 33 (204) distance 6.403124
89 33 (204) to 88 35 (198) distance 2.236068
88 35 (198) to 88 37 (199) distance 2.000000
88 37 (199) to 89 41 (205) distance 4.123106
89 41 (205) to 86 41 (197) distance 3.000000
86 41 (197) to 84 39 (193) distance 2.828427
84 39 (193) to 78 42 (176) distance 6.708204
78 42 (176) to 74 42 (166) distance 4.000000
74 42 (166) to 71 39 (160) distance 4.242641
71 39 (160) to 69 34 (158) distance 5.385165
69 34 (158) to 67 32 (155) distance 2.828427
67 32 (155) to 66 29 (151) distance 3.162278
66 29 (151) to 62 30 (142) distance 4.123106
62 30 (142) to 58 28 (136) distance 4.472136
58 28 (136) to 56 24 (134) distance 4.472136
56 24 (134) to 52 27 (129) distance 5.000000
52 27 (129) to 51 29 (125) distance 2.236068
51 29 (125) to 48 29 (121) distance 3.000000
48 29 (121) to 50 32 (124) distance 3.605551
50 32 (124) to 48 34 (122) distance 2.828427
48 34 (122) to 47 36 (119) distance 2.236068
47 36 (119) to 51 37 (126) distance 4.123106
51 37 (126) to 54 39 (132) distance 3.605551
54 39 (132) to 51 42 (127) distance 4.242641
51 42 (127) to 47 43 (120) distance 4.123106
47 43 (120) to 42 41 (113) distance 5.385165
42 41 (113) to 39 42 (104) distance 3.162278
39 42 (104) to 38 39 (100) distance 3.162278
38 39 (100) to 36 40 (92) distance 2.236068
36 40 (92) to 34 37 (87) distance 3.605551
34 37 (87) to 31 38 (80) distance 3.162278
31 38 (80) to 31 44 (81) distance 6.000000
31 44 (81) to 36 44 (93) distance 5.000000
36 44 (93) to 38 36 (99) distance 8.246211
38 36 (99) to 38 35 (98) distance 1.000000
38 35 (98) to 41 34 (110) distance 3.162278
41 34 (110) to 40 31 (108) distance 3.162278
40 31 (108) to 39 29 (103) distance 2.236068
39 29 (103) to 40 27 (107) distance 2.236068
40 27 (107) to 39 24 (102) distance 3.162278
39 24 (102) to 38 23 (97) distance 1.414214
38 23 (97) to 36 20 (91) distance 3.605551
36 20 (91) to 42 24 (112) distance 7.211103
42 24 (112) to 46 22 (117) distance 4.472136
46 22 (117) to 53 16 (130) distance 9.219544
53 16 (130) to 61 24 (140) distance 11.313708
61 24 (140) to 64 24 (147) distance 3.000000
64 24 (147) to 64 22 (146) distance 2.000000
64 22 (146) to 64 21 (145) distance 1.000000
64 21 (145) to 68 25 (157) distance 5.656854
68 25 (157) to 72 26 (161) distance 4.123106
72 26 (161) to 73 31 (162) distance 5.099020
73 31 (162) to 75 35 (169) distance 4.472136
75 35 (169) to 76 35 (172) distance 1.000000
76 35 (172) to 78 34 (175) distance 2.236068
78 34 (175) to 66 42 (152) distance 14.422205
66 42 (152) to 66 44 (153) distance 2.000000
66 44 (153) to 58 43 (137) distance 8.062258
58 43 (137) to 56 44 (135) distance 2.236068
56 44 (135) to 62 37 (143) distance 9.219544
62 37 (143) to 68 16 (156) distance 21.840330
68 16 (156) to 67 15 (154) distance 1.414214
67 15 (154) to 33 32 (84) distance 38.013156
33 32 (84) to 31 29 (79) distance 3.605551
31 29 (79) to 29 29 (76) distance 2.000000
29 29 (76) to 26 27 (73) distance 3.605551
26 27 (73) to 22 28 (62) distance 4.123106
22 28 (62) to 25 34 (65) distance 6.708204
25 34 (65) to 21 37 (60) distance 5.000000
21 37 (60) to 21 40 (61) distance 3.000000
21 40 (61) to 22 44 (63) distance 4.123106
22 44 (63) to 25 43 (66) distance 3.162278
25 43 (66) to 18 43 (54) distance 7.000000
18 43 (54) to 14 36 (44) distance 8.062258
14 36 (44) to 14 34 (43) distance 2.000000
14 34 (43) to 11 35 (32) distance 3.162278
11 35 (32) to 10 35 (30) distance 1.000000
10 35 (30) to 7 36 (23) distance 3.162278
7 36 (23) to 7 37 (24) distance 1.000000
7 37 (24) to 4 36 (13) distance 3.162278
4 36 (13) to 5 33 (16) distance 3.162278
5 33 (16) to 3 31 (10) distance 2.828427
3 31 (10) to 0 30 (2) distance 3.162278
0 30 (2) to 4 26 (12) distance 5.656854
4 26 (12) to 6 22 (20) distance 4.472136
6 22 (20) to 7 18 (22) distance 4.123106
7 18 (22) to 10 18 (29) distance 3.000000
10 18 (29) to 14 22 (41) distance 5.656854
14 22 (41) to 15 24 (45) distance 2.236068
15 24 (45) to 15 29 (46) distance 5.000000
15 29 (46) to 14 30 (42) distance 1.414214
14 30 (42) to 13 31 (37) distance 1.414214
13 31 (37) to 17 33 (50) distance 4.472136
17 33 (50) to 18 34 (53) distance 1.414214
18 34 (53) to 11 38 (33) distance 8.062258
11 38 (33) to 8 40 (27) distance 3.605551
8 40 (27) to 4 43 (14) distance 5.000000
4 43 (14) to 2 42 (6) distance 2.236068
2 42 (6) to 8 28 (26) distance 15.231546
8 28 (26) to 0 17 (1) distance 13.601471
0 17 (1) to 1 13 (5) distance 4.123106
1 13 (5) to 0 12 (0) distance 1.414214
0 12 (0)
852.310835


#Improved Tour
0 12 (0) to 1 13 (5) distance 1.414214
1 13 (5) to 0 17 (1) distance 4.123106
0 17 (1) to 4 26 (12) distance 9.848858
4 26 (12) to 0 30 (2) distance 5.656854
0 30 (2) to 3 31 (10) distance 3.162278
3 31 (10) to 5 33 (16) distance 2.828427
5 33 (16) to 8 28 (26) distance 5.830952
8 28 (26) to 6 22 (20) distance 6.324555
6 22 (20) to 7 18 (22) distance 4.123106
7 18 (22) to 10 18 (29) distance 3.000000
10 18 (29) to 14 22 (41) distance 5.656854
14 22 (41) to 15 24 (45) distance 2.236068
15 24 (45) to 15 29 (46) distance 5.000000
15 29 (46) to 14 30 (42) distance 1.414214
14 30 (42) to 13 31 (37) distance 1.414214
13 31 (37) to 17 33 (50) distance 4.472136
17 33 (50) to 18 34 (53) distance 1.414214
18 34 (53) to 14 34 (43) distance 4.000000
14 34 (43) to 14 36 (44) distance 2.000000
14 36 (44) to 11 35 (32) distance 3.162278
11 35 (32) to 10 35 (30) distance 1.000000
10 35 (30) to 7 36 (23) distance 3.162278
7 36 (23) to 7 37 (24) distance 1.000000
7 37 (24) to 4 36 (13) distance 3.162278
4 36 (13) to 2 42 (6) distance 6.324555
2 42 (6) to 4 43 (14) distance 2.236068
4 43 (14) to 8 40 (27) distance 5.000000
8 40 (27) to 11 38 (33) distance 3.605551
11 38 (33) to 18 43 (54) distance 8.602325
18 43 (54) to 22 44 (63) distance 4.123106
22 44 (63) to 25 43 (66) distance 3.162278
25 43 (66) to 21 40 (61) distance 5.000000
21 40 (61) to 21 37 (60) distance 3.000000
21 37 (60) to 25 34 (65) distance 5.000000
25 34 (65) to 22 28 (62) distance 6.708204
22 28 (62) to 26 27 (73) distance 4.123106
26 27 (73) to 29 29 (76) distance 3.605551
29 29 (76) to 31 29 (79) distance 2.000000
31 29 (79) to 33 32 (84) distance 3.605551
33 32 (84) to 36 20 (91) distance 12.369317
36 20 (91) to 38 23 (97) distance 3.605551
38 23 (97) to 39 24 (102) distance 1.414214
39 24 (102) to 42 24 (112) distance 3.000000
42 24 (112) to 40 27 (107) distance 3.605551
40 27 (107) to 39 29 (103) distance 2.236068
39 29 (103) to 40 31 (108) distance 2.236068
40 31 (108) to 41 34 (110) distance 3.162278
41 34 (110) to 38 35 (98) distance 3.162278
38 35 (98) to 38 36 (99) distance 1.000000
38 36 (99) to 38 39 (100) distance 3.000000
38 39 (100) to 36 40 (92) distance 2.236068
36 40 (92) to 34 37 (87) distance 3.605551
34 37 (87) to 31 38 (80) distance 3.162278
31 38 (80) to 31 44 (81) distance 6.000000
31 44 (81) to 36 44 (93) distance 5.000000
36 44 (93) to 39 42 (104) distance 3.605551
39 42 (104) to 42 41 (113) distance 3.162278
42 41 (113) to 47 43 (120) distance 5.385165
47 43 (120) to 51 42 (127) distance 4.123106
51 42 (127) to 54 39 (132) distance 4.242641
54 39 (132) to 51 37 (126) distance 3.605551
51 37 (126) to 47 36 (119) distance 4.123106
47 36 (119) to 48 34 (122) distance 2.236068
48 34 (122) to 50 32 (124) distance 2.828427
50 32 (124) to 48 29 (121) distance 3.605551
48 29 (121) to 51 29 (125) distance 3.000000
51 29 (125) to 52 27 (129) distance 2.236068
52 27 (129) to 46 22 (117) distance 7.810250
46 22 (117) to 53 16 (130) distance 9.219544
53 16 (130) to 56 11 (133) distance 5.830952
56 11 (133) to 61 12 (139) distance 5.099020
61 12 (139) to 63 12 (144) distance 2.000000
63 12 (144) to 67 15 (154) distance 5.000000
67 15 (154) to 68 16 (156) distance 1.414214
68 16 (156) to 64 21 (145) distance 6.403124
64 21 (145) to 64 22 (146) distance 1.000000
64 22 (146) to 64 24 (147) distance 2.000000
64 24 (147) to 61 24 (140) distance 3.000000
61 24 (140) to 56 24 (134) distance 5.000000
56 24 (134) to 58 28 (136) distance 4.472136
58 28 (136) to 62 30 (142) distance 4.472136
62 30 (142) to 66 29 (151) distance 4.123106
66 29 (151) to 68 25 (157) distance 4.472136
68 25 (157) to 72 26 (161) distance 4.123106
72 26 (161) to 73 31 (162) distance 5.099020
73 31 (162) to 78 34 (175) distance 5.830952
78 34 (175) to 76 35 (172) distance 2.236068
76 35 (172) to 75 35 (169) distance 1.000000
75 35 (169) to 69 34 (158) distance 6.082763
69 34 (158) to 67 32 (155) distance 2.828427
67 32 (155) to 62 37 (143) distance 7.071068
62 37 (143) to 58 43 (137) distance 7.211103
58 43 (137) to 56 44 (135) distance 2.236068
56 44 (135) to 66 44 (153) distance 10.000000
66 44 (153) to 66 42 (152) distance 2.000000
66 42 (152) to 71 39 (160) distance 5.830952
71 39 (160) to 74 42 (166) distance 4.242641
74 42 (166) to 78 42 (176) distance 4.000000
78 42 (176) to 84 39 (193) distance 6.708204
84 39 (193) to 86 41 (197) distance 2.828427
86 41 (197) to 89 41 (205) distance 3.000000
89 41 (205) to 88 37 (199) distance 4.123106
88 37 (199) to 88 35 (198) distance 2.000000
88 35 (198) to 89 33 (204) distance 2.236068
89 33 (204) to 84 29 (192) distance 6.403124
84 29 (192) to 80 29 (184) distance 4.000000
80 29 (184) to 79 31 (182) distance 2.236068
79 31 (182) to 77 30 (173) distance 2.236068
77 30 (173) to 76 27 (171) distance 3.162278
76 27 (171) to 75 24 (168) distance 3.162278
75 24 (168) to 74 23 (165) distance 1.414214
74 23 (165) to 75 17 (167) distance 6.082763
75 17 (167) to 74 11 (164) distance 6.082763
74 11 (164) to 76 10 (170) distance 2.236068
76 10 (170) to 78 11 (174) distance 2.236068
78 11 (174) to 79 14 (177) distance 3.162278
79 14 (177) to 79 15 (178) distance 1.000000
79 15 (178) to 79 19 (179) distance 4.000000
79 19 (179) to 79 20 (180) distance 1.000000
79 20 (180) to 79 25 (181) distance 5.000000
79 25 (181) to 82 26 (189) distance 3.162278
82 26 (189) to 83 23 (190) distance 3.162278
83 23 (190) to 86 22 (196) distance 3.162278
86 22 (196) to 89 18 (203) distance 5.000000
89 18 (203) to 89 14 (202) distance 4.000000
89 14 (202) to 89 9 (201) distance 5.000000
89 9 (201) to 89 7 (200) distance 2.000000
89 7 (200) to 84 16 (191) distance 10.295630
84 16 (191) to 82 14 (188) distance 2.828427
82 14 (188) to 82 10 (187) distance 4.000000
82 10 (187) to 82 9 (186) distance 1.000000
82 9 (186) to 82 8 (185) distance 1.000000
82 8 (185) to 85 6 (194) distance 3.605551
85 6 (194) to 86 2 (195) distance 4.123106
86 2 (195) to 80 1 (183) distance 6.082763
80 1 (183) to 74 0 (163) distance 6.082763
74 0 (163) to 70 0 (159) distance 4.000000
70 0 (159) to 66 5 (150) distance 6.403124
66 5 (150) to 65 6 (148) distance 1.414214
65 6 (148) to 65 7 (149) distance 1.000000
65 7 (149) to 62 9 (141) distance 3.605551
62 9 (141) to 61 5 (138) distance 4.123106
61 5 (138) to 54 6 (131) distance 7.071068
54 6 (131) to 52 5 (128) distance 2.236068
52 5 (128) to 49 1 (123) distance 5.000000
49 1 (123) to 41 1 (109) distance 8.000000
41 1 (109) to 38 0 (94) distance 3.162278
38 0 (94) to 36 1 (89) distance 2.236068
36 1 (89) to 44 7 (114) distance 10.000000
44 7 (114) to 44 11 (115) distance 4.000000
44 11 (115) to 47 13 (118) distance 3.605551
47 13 (118) to 45 16 (116) distance 3.605551
45 16 (116) to 42 14 (111) distance 3.605551
42 14 (111) to 40 16 (106) distance 2.828427
40 16 (106) to 40 12 (105) distance 4.000000
40 12 (105) to 38 10 (96) distance 2.828427
38 10 (96) to 39 9 (101) distance 1.414214
39 9 (101) to 38 5 (95) distance 4.123106
38 5 (95) to 36 4 (90) distance 2.236068
36 4 (90) to 33 5 (82) distance 3.162278
33 5 (82) to 25 8 (64) distance 8.544004
25 8 (64) to 26 9 (67) distance 1.414214
26 9 (67) to 29 11 (74) distance 3.605551
29 11 (74) to 33 10 (83) distance 4.123106
33 10 (83) to 34 13 (85) distance 3.162278
34 13 (85) to 35 13 (88) distance 1.000000
35 13 (88) to 34 16 (86) distance 3.162278
34 16 (86) to 31 15 (77) distance 3.162278
31 15 (77) to 31 20 (78) distance 5.000000
31 20 (78) to 29 19 (75) distance 2.236068
29 19 (75) to 26 20 (72) distance 3.162278
26 20 (72) to 26 19 (71) distance 1.000000
26 19 (71) to 26 16 (70) distance 3.000000
26 16 (70) to 26 14 (69) distance 2.000000
26 14 (69) to 26 13 (68) distance 1.000000
26 13 (68) to 21 13 (59) distance 5.000000
21 13 (59) to 17 16 (49) distance 5.000000
17 16 (49) to 16 18 (48) distance 2.236068
16 18 (48) to 14 18 (40) distance 2.000000
14 18 (40) to 14 17 (39) distance 1.000000
14 17 (39) to 14 16 (38) distance 1.000000
14 16 (38) to 13 14 (36) distance 2.236068
13 14 (36) to 13 13 (35) distance 1.000000
13 13 (35) to 16 11 (47) distance 3.605551
16 11 (47) to 18 12 (52) distance 2.236068
18 12 (52) to 19 11 (56) distance 1.414214
19 11 (56) to 19 7 (55) distance 4.000000
19 7 (55) to 20 7 (58) distance 1.000000
20 7 (58) to 20 5 (57) distance 2.000000
20 5 (57) to 18 0 (51) distance 5.385165
18 0 (51) to 11 4 (31) distance 8.062258
11 4 (31) to 12 9 (34) distance 5.099020
12 9 (34) to 10 11 (28) distance 2.828427
10 11 (28) to 8 8 (25) distance 3.605551
8 8 (25) to 7 6 (21) distance 2.236068
7 6 (21) to 6 5 (17) distance 1.414214
6 5 (17) to 3 1 (8) distance 5.000000
3 1 (8) to 3 0 (7) distance 1.000000
3 0 (7) to 1 1 (3) distance 2.236068
1 1 (3) to 1 2 (4) distance 1.000000
1 2 (4) to 5 6 (15) distance 5.656854
5 6 (15) to 6 11 (18) distance 5.099020
6 11 (18) to 6 12 (19) distance 1.000000
6 12 (19) to 4 13 (11) distance 2.236068
4 13 (11) to 3 12 (9) distance 1.414214
3 12 (9) to 0 12 (0) distance 3.000000
0 12 (0)


761.609131 761.609131
