##This is the output of I1

#Coordinates
0 3 80
1 25 73
2 7 50
3 9 56
4 43 5
5 1 34
6 12 78
7 2 55
8 40 40
9 17 60
10 90 1
11 6 77
12 19 51
13 61 38
14 8 54
15 18 28
16 52 47
17 3 47
18 3 64
19 9 16
20 5 67
21 60 39
22 30 13
23 47 7
24 30 48
25 135 60
26 52 11
27 82 46
28 31 45
29 7 3
30 151 53
31 66 77
32 63 59
33 55 66
34 25 43
35 49 67
36 159 60
37 36 5
38 0 25
39 92 19
40 103 13
41 24 1
42 1 22
43 33 24
44 0 8
45 2 7
46 137 2
47 8 61
48 136 8
49 17 78


#Tour
(3, 80)(12, 78)(17, 78)(25, 73)(18, 28)(9, 16)(1, 22)(0, 25)(1, 34)(0, 8)(2, 7)(7, 3)(24, 1)(36, 5)(43, 5)(47, 7)(52, 11)(30, 13)(33, 24)(82, 46)(92, 19)(103, 13)(90, 1)(136, 8)(137, 2)(151, 53)(159, 60)(135, 60)(66, 77)(55, 66)(49, 67)(63, 59)(52, 47)(60, 39)(61, 38)(40, 40)(31, 45)(30, 48)(25, 43)(19, 51)(17, 60)(9, 56)(8, 54)(7, 50)(3, 47)(2, 55)(8, 61)(3, 64)(5, 67)(6, 77)(3, 80)
734.317620


#Improve Tour 1
(3, 80)(6, 77)(5, 67)(3, 64)(8, 61)(2, 55)(3, 47)(7, 50)(8, 54)(9, 56)(17, 60)(19, 51)(25, 43)(30, 48)(31, 45)(40, 40)(61, 38)(60, 39)(82, 46)(92, 19)(103, 13)(90, 1)(136, 8)(137, 2)(151, 53)(159, 60)(135, 60)(66, 77)(55, 66)(49, 67)(63, 59)(52, 47)(33, 24)(30, 13)(52, 11)(47, 7)(43, 5)(36, 5)(24, 1)(7, 3)(2, 7)(0, 8)(1, 34)(0, 25)(1, 22)(9, 16)(18, 28)(25, 73)(17, 78)(12, 78)(3, 80)
722.211376


#Improve Tour 2
(3, 80)(12, 78)(17, 78)(25, 73)(18, 28)(1, 34)(0, 25)(1, 22)(9, 16)(0, 8)(2, 7)(7, 3)(24, 1)(36, 5)(43, 5)(47, 7)(52, 11)(30, 13)(33, 24)(52, 47)(63, 59)(49, 67)(55, 66)(66, 77)(135, 60)(159, 60)(151, 53)(137, 2)(136, 8)(90, 1)(103, 13)(92, 19)(82, 46)(60, 39)(61, 38)(40, 40)(31, 45)(30, 48)(25, 43)(19, 51)(17, 60)(9, 56)(8, 54)(7, 50)(3, 47)(2, 55)(8, 61)(3, 64)(5, 67)(6, 77)(3, 80)
711.261503


#Improve Tour 3
(3, 80)(6, 77)(5, 67)(3, 64)(8, 61)(2, 55)(3, 47)(7, 50)(8, 54)(9, 56)(17, 60)(19, 51)(25, 43)(18, 28)(1, 34)(0, 25)(1, 22)(9, 16)(0, 8)(2, 7)(7, 3)(24, 1)(36, 5)(43, 5)(47, 7)(52, 11)(30, 13)(33, 24)(52, 47)(63, 59)(49, 67)(55, 66)(66, 77)(135, 60)(159, 60)(151, 53)(137, 2)(136, 8)(90, 1)(103, 13)(92, 19)(82, 46)(60, 39)(61, 38)(40, 40)(31, 45)(30, 48)(25, 73)(17, 78)(12, 78)(3, 80)
700.697288


#Improve Tour 4
(3, 80)(12, 78)(17, 78)(25, 73)(30, 48)(31, 45)(40, 40)(61, 38)(60, 39)(82, 46)(92, 19)(90, 1)(103, 13)(136, 8)(137, 2)(151, 53)(159, 60)(135, 60)(66, 77)(55, 66)(49, 67)(63, 59)(52, 47)(33, 24)(30, 13)(52, 11)(47, 7)(43, 5)(36, 5)(24, 1)(7, 3)(2, 7)(0, 8)(9, 16)(1, 22)(0, 25)(1, 34)(18, 28)(25, 43)(19, 51)(17, 60)(9, 56)(8, 54)(7, 50)(3, 47)(2, 55)(8, 61)(3, 64)(5, 67)(6, 77)(3, 80)
693.125172


#Improve Tour 5
(3, 80)(12, 78)(17, 78)(25, 73)(30, 48)(31, 45)(40, 40)(52, 47)(63, 59)(49, 67)(55, 66)(66, 77)(135, 60)(159, 60)(151, 53)(137, 2)(136, 8)(103, 13)(90, 1)(92, 19)(82, 46)(60, 39)(61, 38)(33, 24)(30, 13)(52, 11)(47, 7)(43, 5)(36, 5)(24, 1)(7, 3)(2, 7)(0, 8)(9, 16)(1, 22)(0, 25)(1, 34)(18, 28)(25, 43)(19, 51)(17, 60)(9, 56)(8, 54)(7, 50)(3, 47)(2, 55)(8, 61)(3, 64)(5, 67)(6, 77)(3, 80)
687.394677


#Improve Tour 6
(3, 80)(6, 77)(5, 67)(3, 64)(8, 61)(2, 55)(3, 47)(7, 50)(8, 54)(9, 56)(17, 60)(19, 51)(25, 43)(18, 28)(1, 34)(0, 25)(1, 22)(9, 16)(0, 8)(2, 7)(7, 3)(24, 1)(36, 5)(43, 5)(47, 7)(52, 11)(30, 13)(33, 24)(61, 38)(60, 39)(82, 46)(92, 19)(90, 1)(103, 13)(137, 2)(136, 8)(151, 53)(159, 60)(135, 60)(66, 77)(55, 66)(49, 67)(63, 59)(52, 47)(40, 40)(31, 45)(30, 48)(25, 73)(17, 78)(12, 78)(3, 80)
684.300669


#Improve Tour 7
(3, 80)(12, 78)(17, 78)(25, 73)(30, 48)(31, 45)(40, 40)(52, 47)(63, 59)(55, 66)(49, 67)(66, 77)(135, 60)(159, 60)(151, 53)(136, 8)(137, 2)(103, 13)(90, 1)(92, 19)(82, 46)(60, 39)(61, 38)(33, 24)(30, 13)(52, 11)(47, 7)(43, 5)(36, 5)(24, 1)(7, 3)(2, 7)(0, 8)(9, 16)(1, 22)(0, 25)(1, 34)(18, 28)(25, 43)(19, 51)(17, 60)(9, 56)(8, 54)(7, 50)(3, 47)(2, 55)(8, 61)(3, 64)(5, 67)(6, 77)(3, 80)
682.973033


#Improve Tour 8
(3, 80)(6, 77)(5, 67)(3, 64)(8, 61)(2, 55)(3, 47)(7, 50)(8, 54)(9, 56)(17, 60)(19, 51)(25, 43)(18, 28)(1, 34)(0, 25)(1, 22)(9, 16)(0, 8)(2, 7)(7, 3)(24, 1)(36, 5)(43, 5)(47, 7)(52, 11)(30, 13)(33, 24)(60, 39)(61, 38)(82, 46)(92, 19)(90, 1)(103, 13)(137, 2)(136, 8)(151, 53)(159, 60)(135, 60)(66, 77)(49, 67)(55, 66)(63, 59)(52, 47)(40, 40)(31, 45)(30, 48)(25, 73)(17, 78)(12, 78)(3, 80)
681.940384


#Improve Tour 9
(3, 80)(6, 77)(12, 78)(17, 78)(25, 73)(30, 48)(31, 45)(40, 40)(52, 47)(63, 59)(55, 66)(49, 67)(66, 77)(135, 60)(159, 60)(151, 53)(136, 8)(137, 2)(103, 13)(90, 1)(92, 19)(82, 46)(61, 38)(60, 39)(33, 24)(30, 13)(52, 11)(47, 7)(43, 5)(36, 5)(24, 1)(7, 3)(2, 7)(0, 8)(9, 16)(1, 22)(0, 25)(1, 34)(18, 28)(25, 43)(19, 51)(17, 60)(9, 56)(8, 54)(7, 50)(3, 47)(2, 55)(8, 61)(3, 64)(5, 67)(3, 80)
681.906673


#Improved Tour
(3, 80)(6, 77)(12, 78)(17, 78)(25, 73)(30, 48)(31, 45)(40, 40)(52, 47)(63, 59)(55, 66)(49, 67)(66, 77)(135, 60)(159, 60)(151, 53)(136, 8)(137, 2)(103, 13)(90, 1)(92, 19)(82, 46)(61, 38)(60, 39)(33, 24)(30, 13)(52, 11)(47, 7)(43, 5)(36, 5)(24, 1)(7, 3)(2, 7)(0, 8)(9, 16)(1, 22)(0, 25)(1, 34)(18, 28)(25, 43)(19, 51)(17, 60)(9, 56)(8, 54)(7, 50)(3, 47)(2, 55)(8, 61)(3, 64)(5, 67)(3, 80)


681.906673 681.906673
